x<- c(162,168,174,168,166,170,168,166,170,172, 188,182,178,180,176, 168,164,
 166,164,172)